 rA = 16792119581.644342 cm 
 dudxA = 0.375000 
