 rA = 16609419786.564419 cm 
 dudxA = 0.412500 
