 rA = 16733456798.104662 cm 
 dudxA = 0.385000 
