rA = 16955798346.580626 cm 
 dudxA = 0.350000 
